49041408
49049600
49049600
49049600
49049600
49049600
49049600
49049600
49049600
49065984
49070080
49086464
48955392
48975872
48975872
48975872
49012736
49016832
49016832
49016832
49016832
49016832
49016832
49016832
49016832
49016832
49016832
49016832
49016832
49016832
49020928
49020928
49020928
49020928
49020928
48963584
48963584
48963584
48963584
48963584
48963584
48963584
48963584
48963584
48963584
48963584
48963584
48963584
48963584
48963584
48963584
48963584
48963584
48967680
48967680
48967680
48967680
48967680
48967680
48967680
48967680
48967680
48967680
48967680
48967680
48967680
48967680
48967680
48967680
48967680
48967680
48967680
48967680
48967680
48967680
48967680
48967680
48967680
48967680
48967680
48967680
48967680
48967680
48967680
48967680
48967680
48967680
48967680
48967680
48967680
48967680
48967680
48967680
48967680
48967680
48967680
48967680
48967680
48967680
48967680
48967680
48967680
48967680
48967680
48967680
48967680
48967680
48967680
48967680
49119232
49139712
49139712
49143808
49143808
49143808
49143808
49143808
49143808
49143808
49143808
49143808
49143808
49143808
49143808
49143808
49143808
49143808
49143808
49143808
49143808
49143808
49143808
49143808
49143808
49143808
49143808
49143808
49143808
49143808
49143808
49143808
49143808
49143808
49143808
49143808
49172480
49172480
49172480
49172480
49172480
49172480
49172480
49172480
49172480
49172480
49172480
49172480
49172480
49172480
49172480
49172480
49172480
49172480
49172480
49172480
49172480
49172480
49172480
49172480
49172480
49172480
49172480
49172480
49172480
49172480
49176576
49176576
49176576
49176576
49176576
49176576
49176576
49176576
49176576
49176576
49176576
49176576
49176576
49176576
49176576
49176576
49176576
49176576
49176576
49176576
49176576
49176576
49176576
49176576
49176576
49176576
49180672
49180672
49180672
49180672
49180672
49180672
49180672
49180672
49180672
49180672
49180672
49180672
49180672
49180672
49180672
49180672
49180672
49180672
49180672
49180672
49180672
49180672
49180672
49180672
49180672
49180672
49180672
49180672
49180672
49180672
49180672
49180672
49180672
49180672
49180672
49180672
49180672
49180672
49180672
49180672
49180672
49180672
49180672
49180672
49180672
49180672
49180672
49180672
49180672
49180672
49180672
49180672
49180672
49180672
49180672
49180672
49180672
49180672
49180672
49180672
49180672
49180672
49180672
49180672
49180672
49180672
49180672
49180672
49180672
49180672
49180672
49180672
49180672
49180672
49180672
49180672
49180672
49180672
49180672
49180672
49180672
49180672
49180672
49180672
49180672
49180672
49180672
49180672
49180672
49180672
49180672
49180672
49180672
49180672
49180672
49180672
49123328
49127424
49127424
49127424
49127424
49127424
49127424
49127424
49127424
49127424
49127424
49127424
49127424
49127424
49127424
49127424
49127424
49127424
49127424
49127424
49127424
49127424
49127424
49127424
49131520
49131520
49131520
49131520
49131520
49131520
49131520
49131520
49131520
49131520
49131520
49131520
49131520
49131520
49131520
49131520
49131520
49131520
49131520
49131520
49131520
49131520
49131520
49131520
49131520
49131520
49131520
49131520
49131520
49131520
49131520
49131520
49139712
49156096
49172480
49172480
49176576
49176576
49176576
49176576
49176576
49176576
49176576
49176576
49217536
49217536
49217536
49217536
49217536
49217536
49217536
49217536
49217536
49217536
49217536
49217536
49217536
49217536
49217536
49217536
49168384
49168384
49168384
49168384
49168384
49168384
49168384
49168384
49168384
49172480
49172480
49172480
49172480
49172480
49172480
49172480
49172480
49172480
49172480
49172480
49172480
49172480
49172480
49172480
49172480
49172480
49172480
49172480
49172480
49172480
49172480
49172480
49172480
49172480
49172480
49172480
49172480
49180672
49184768
49184768
49160192
49160192
49160192
49160192
49160192
49160192
49160192
49160192
49160192
49160192
49160192
49160192
49160192
49160192
49160192
49160192
49160192
49160192
49160192
49160192
49160192
49160192
49160192
49160192
49160192
49160192
49160192
49160192
49160192
49160192
49160192
49160192
49160192
49160192
49160192
49160192
49082368
49090560
49094656
49094656
49094656
49094656
49094656
49094656
49094656
49094656
49106944
49111040
49147904
49152000
49152000
49152000
49152000
49152000
49152000
49152000
49152000
49152000
49152000
49152000
49152000
49152000
49152000
49152000
49152000
49152000
49152000
49152000
49152000
49152000
49152000
49152000
49152000
49152000
49152000
49152000
49152000
49152000
49152000
49152000
49152000
49152000
49152000
49156096
49098752
49098752
49098752
49098752
49098752
49098752
49098752
49098752
49098752
49098752
49098752
49098752
49098752
49102848
49004544
49012736
49020928
49020928
49020928
49020928
49020928
49020928
49020928
49020928
49020928
49020928
49020928
49020928
49020928
49020928
49020928
49020928
49020928
49020928
49020928
49020928
49020928
49020928
49020928
49020928
49020928
49020928
49020928
49020928
49020928
49020928
49020928
49020928
49020928
49020928
49020928
49020928
49020928
49020928
49020928
49020928
49020928
49020928
49020928
49020928
49020928
49020928
49025024
49025024
49025024
49025024
49029120
49029120
49029120
49029120
49029120
49029120
49029120
49029120
49029120
49029120
49029120
49029120
49029120
49029120
49029120
49029120
49029120
49029120
49029120
49029120
49029120
49029120
49029120
49029120
49029120
49029120
49029120
49029120
49029120
49029120
49029120
49029120
49029120
49029120
49029120
49029120
49029120
49029120
49029120
49029120
49029120
49029120
49029120
49029120
49029120
49029120
49029120
49029120
49029120
49029120
49029120
49029120
49029120
49029120
49029120
49029120
49029120
49029120
49029120
49029120
49029120
49029120
49029120
49029120
49029120
49029120
49029120
49029120
49029120
49029120
49029120
49029120
49029120
49029120
49029120
49029120
49029120
49033216
49033216
49033216
49033216
49033216
49033216
49033216
49033216
49033216
49033216
49033216
49065984
49065984
49065984
49065984
49065984
49070080
49070080
49070080
49070080
49070080
49070080
49070080
49070080
49070080
49070080
49070080
49070080
49070080
49070080
49070080
49090560
49090560
49090560
49090560
49090560
49090560
49090560
49090560
49090560
49090560
49090560
49090560
49090560
49090560
49090560
49090560
49090560
49090560
49090560
49090560
49090560
49090560
49090560
49090560
49090560
49090560
49090560
49090560
49090560
49090560
49090560
49090560
49090560
49090560
49090560
49090560
49090560
49090560
49090560
49090560
49090560
49090560
49090560
49090560
49090560
49090560
49090560
49090560
49090560
49090560
49090560
49090560
49090560
49090560
49090560
49090560
49090560
49090560
49090560
49090560
49090560
49090560
49090560
49090560
49090560
49090560
49090560
49090560
49090560
49090560
49090560
49090560
49090560
49090560
49090560
49090560
49090560
49090560
49090560
49090560
49090560
49090560
49090560
49090560
49090560
49090560
49090560
49090560
49037312
49037312
49037312
49037312
49037312
49037312
49037312
49037312
49037312
49037312
49037312
49037312
49037312
49037312
49037312
49037312
49037312
49037312
49037312
49037312
49037312
49037312
49037312
49037312
49037312
49037312
49037312
49037312
49037312
49037312
49037312
49037312
49037312
49037312
49037312
49037312
49037312
49037312
49037312
49037312
49037312
49037312
49037312
49037312
49037312
49037312
49037312
49037312
49037312
49037312
49037312
49037312
49037312
49037312
49037312
49037312
49041408
49041408
49041408
49041408
49041408
49041408
49041408
49041408
49041408
49041408
49041408
49041408
49041408
49041408
49041408
49041408
49041408
49041408
49041408
49041408
49041408
49041408
49041408
49041408
49041408
49041408
49041408
49041408
49041408
49041408
49041408
49041408
49041408
49041408
49041408
49041408
49041408
49041408
49041408
49041408
49041408
49041408
49041408
49041408
49041408
49041408
49041408
49041408
49041408
49041408
49041408
49041408
49041408
49041408
49041408
49041408
49041408
49041408
49041408
49041408
49041408
49041408
49041408
49041408
49041408
49041408
49041408
49041408
49041408
49041408
49041408
49041408
49041408
49041408
49041408
49041408
